[[ 25   0   0   0   0   0   0   0   0   0  38]
 [  0   5   0   0   0   0   0   0   0   0   1]
 [  0   0  29   0   0   0   0   0   0   0   0]
 [  0   0   0  11   0   0   0   0   0   0   0]
 [  0   0   0   0   4   0   0   0   0   0   0]
 [  0   6   0   0   0  18   0   0   0   0   0]
 [  0   0   0   0   0   0  36   1   0   0   0]
 [  0   0   0   0   0   0   0  31   0   0   0]
 [  0   0   0   0   0   0   0   0  24   0   0]
 [  0   0   0   0   0   0   0   0   0  48   1]
 [  0   7   0   0   8   8   2   4  10   1 192]]

Statistics:

All:			510
True Positive:		231
False Positive:		40
True Negative:		192
False Negative:		47

Accuracy:		0.8294117647058824
Precision:		0.8523985239852399
Recall:			0.8309352517985612
