[[ 25   0   0   0   0   0   0   0   0   0   0]
 [  0  17   0   0   0   0   0   0   0   0   0]
 [  0   0  29   0   0   0   0   0   0   0   0]
 [  0   0   0  11   0   0   0   0   0   0   0]
 [  0   0   0   0  12   0   0   0   0   0   0]
 [  0   0   0   0   0  15   0   0   0   0   0]
 [  0   0   0   0   0   0  35   0   0   0   0]
 [  0   0   0   0   0   0   0  27   0   0   0]
 [  0   0   0   0   0   0   0   0  24   0   0]
 [  0   0   0   0   0   0   0   0   0  48   0]
 [  0   1   0   0   0  11   3   9  10   1 232]]

Statistics:

All:			510
True Positive:		243
False Positive:		0
True Negative:		232
False Negative:		35

Accuracy:		0.9313725490196079
Precision:		1.0
Recall:			0.8741007194244604
