[[ 25   0   0   0   0   0   0   0   0   0  38]
 [  0   5   0   0   0   0   0   0   0   0   1]
 [  0   0  29   0   0   0   0   0   0   0   0]
 [  0   0   0  11   2   0   0   0   0   0   3]
 [  0   0   0   0   4   0   0   0   0   0   6]
 [  0   8   0   0   0  18   0   0   0   0   0]
 [  0   0   0   0   0   0  36   1   0   0   0]
 [  0   0   0   0   0   0   0  31   0   0   2]
 [  0   0   0   0   1   0   0   0  25   0   1]
 [  0   0   0   0   0   0   0   0   0  49   6]
 [  0   5   0   0   5   8   2   4   9   0 175]]

Statistics:

All:			510
True Positive:		233
False Positive:		57
True Negative:		175
False Negative:		45

Accuracy:		0.8
Precision:		0.803448275862069
Recall:			0.8381294964028777
