[[ 25   0   0   0   0   0   0   0   0   0   0]
 [  0   5   0   0   0   0   0   0   0   0   0]
 [  0   0  29   0   0   0   0   0   0   0   0]
 [  0   0   0  11   0   0   0   0   0   0   0]
 [  0   0   0   0   3   0   0   0   0   0   0]
 [  0   0   0   0   0   4   0   0   0   0   0]
 [  0   0   0   0   0   0  35   0   0   0   0]
 [  0   0   0   0   0   0   0  27   0   0   0]
 [  0   0   0   0   0   0   0   0  22   0   0]
 [  0   0   0   0   0   0   0   0   0  48   0]
 [  0  13   0   0   9  22   3   9  12   1 232]]

Statistics:

All:			510
True Positive:		209
False Positive:		0
True Negative:		232
False Negative:		69

Accuracy:		0.8647058823529412
Precision:		1.0
Recall:			0.7517985611510791
